#Mario Armando Moscoso Becerra A01712209
#Estadisticas NFL temp (2019-2023) (tomadas de NFL.com)

#Temporada, Equipo, TD, INT, pases completos (cmp), capturas(sck)

2018,49ers,26,20,331,48
2018,bears,28,14,344,33
2018,bengals,27,13,331,37
2018,bills,13,23,271,41
2018,broncos,19,15,367,34
2018,browns,29,17,353,38
2018,buccaneers,36,26,408,41
2018,cardinals,15,18,283,52
2018,chargers,32,12,348,34
2018,chiefs,50,12,385,26
2018,colts,39,15,432,18
2018,cowboys,22,8,356,56
2018,dolphins,26,13,292,52
2018,eagles,29,11,422,40
2018,falcons,36,7,428,42
2018,giants,23,12,382,47
2018,jaguars,15,13,329,53
2018,jets,18,19,299,37
2018,lions,22,12,375,41
2018,packers,25,4,392,53
2018,panthers,28,16,378,32
2018,patriots,29,11,378,21
2018,raiders,19,10,382,52
2018,rams,32,12,368,33
2018,ravens,18,9,334,32
2018,commanders,16,15,311,44
2018,saints,33,7,381,20
2018,seahawks,35,7,280,51
2018,steelers,35,17,459,24
2018,texans,26,9,345,62
2018,titans,16,12,293,47
2018,vikings,30,10,425,40


2019,49ers,28,13,331,36
2019,bears,20,12,371,45
2019,bengals,18,16,356,48
2019,bills,21,12,299,40
2019,broncos,16,10,312,41
2019,browns,22,21,318,41
2019,buccaneers,33,30,382,47
2019,cardinals,20,12,355,50
2019,chargers,24,20,394,34
2019,chiefs,30,5,378,25
2019,colts,22,10,307,32
2019,cowboys,30,11,388,23
2019,dolphins,22,18,371,58
2019,eagles,27,8,391,37
2019,falcons,29,15,459,50
2019,giants,30,17,376,43
2019,jaguars,24,8,364,42
2019,jets,19,16,323,52
2019,lions,28,15,344,43
2019,packers,26,4,356,36
2019,panthers,17,21,382,58
2019,patriots,25,9,378,28
2019,raiders,22,8,367,29
2019,rams,22,17,397,22
2019,ravens,37,8,289,28
2019,commanders,18,13,298,50
2019,saints,36,6,418,25
2019,seahawks,31,6,341,48
2019,steelers,18,19,315,32
2019,texans,27,14,355,49
2019,titans,29,8,297,56
2019,vikings,26,8,319,28


2020,49ers,25,17,371,39
2020,bears,26,16,402,36
2020,bengals,19,11,372,48
2020,bills,40,11,410,27
2020,broncos,21,23,317,32
2020,browns,27,8,315,26
2020,buccaneers,42,12,410,22
2020,cardinals,27,13,387,29
2020,chargers,31,10,413,34
2020,chiefs,40,7,420,24
2020,colts,24,11,371,21
2020,cowboys,25,13,413,44
2020,dolphins,24,13,370,34
2020,eagles,22,20,334,65
2020,falcons,27,11,408,41
2020,giants,12,11,321,50
2020,jaguars,25,16,387,44
2020,jets,16,14,292,43
2020,lions,27,13,374,42
2020,packers,48,5,372,21
2020,panthers,16,16,373,36
2020,patriots,12,14,283,37
2020,rams,20,14,392,25
2020,ravens,27,11,257,32
2020,commanders,16,16,389,50
2020,saints,28,8,370,29
2020,seahawks,40,13,388,48
2020,steelers,35,11,428,14
2020,texans,33,7,383,50
2020,titans,33,7,316,25
2020,vikings,35,13,349,39


2021,49ers,26,14,343,33
2021,bears,16,20,332,58
2021,bengals,36,14,384,55
2021,bills,36,16,415,27
2021,broncos,20,9,354,40
2021,browns,21,14,320,49
2021,buccaneers,43,12,492,23
2021,cardinals,27,11,415,39
2021,chargers,38,15,443,31
2021,chiefs,37,15,448,28
2021,colts,27,8,324,32
2021,cowboys,40,11,444,33
2021,dolphins,21,14,404,40
2021,eagles,20,10,307,31
2021,falcons,20,15,377,40
2021,giants,15,20,351,38
2021,jaguars,12,17,361,32
2021,jets,20,20,357,53
2021,lions,23,14,396,36
2021,packers,39,7,402,33
2021,panthers,14,21,348,52
2021,patriots,24,13,364,28
2021,raiders,23,14,429,40
2021,rams,41,18,406,31
2021,ravens,21,18,396,57
2021,commanders,21,15,356,43
2021,saints,29,13,293,37
2021,seahawks,30,7,324,46
2021,steelers,23,11,425,38
2021,texans,21,15,354,44
2021,titans,22,14,359,47
2021,vikings,34,7,398,30


2022,49ers,30,9,338,31
2022,bears,19,15,223,58
2022,bengals,35,12,418,44
2022,bills,35,14,361,33
2022,broncos,18,15,345,63
2022,browns,19,12,335,44
2022,buccaneers,26,10,499,22
2022,cardinals,17,17,433,46
2022,chargers,26,10,485,39
2022,chiefs,41,12,435,26
2022,colts,17,20,398,60
2022,cowboys,28,18,355,27
2022,dolphins,30,15,368,35
2022,eagles,25,9,350,44
2022,falcons,17,9,257,37
2022,giants,17,6,346,49
2022,jaguars,25,9,394,28
2022,jets,15,14,357,42
2022,lions,29,7,383,24
2022,packers,27,12,364,32
2022,panthers,16,13,267,36
2022,patriots,19,14,358,41
2022,raiders,28,17,359,35
2022,rams,16,15,347,59
2022,ravens,19,13,300,38
2022,commanders,24,16,344,48
2022,saints,24,14,338,38
2022,seahawks,30,12,399,46
2022,steelers,12,14,364,38
2022,texans,20,19,352,38
2022,titans,16,11,285,49
2022,vikings,30,15,448,47


2023,49ers,33,12,336,34
2023,bears,19,15,321,50
2023,bengals,27,14,420,50
2023,bills,29,18,385,24
2023,broncos,28,9,337,52
2023,browns,24,23,355,45
2023,buccaneers,28,10,364,40
2023,cardinals,18,12,355,42
2023,chargers,24,8,409,43
2023,chiefs,28,17,421,28
2023,colts,18,10,355,41
2023,cowboys,36,10,428,40
2023,dolphins,30,15,393,31
2023,eagles,24,16,369,39
2023,falcons,17,17,327,40
2023,giants,15,12,338,85
2023,jaguars,22,14,412,41
2023,jets,11,15,356,64
2023,lions,30,12,408,31
2023,packers,32,11,374,30
2023,panthers,13,10,350,65
2023,patriots,16,21,351,48
2023,raiders,20,18,348,40
2023,rams,26,13,361,34
2023,ravens,27,7,328,41
2023,commanders,24,21,407,65
2023,saints,28,11,406,35
2023,seahawks,23,12,371,38
2023,steelers,13,9,323,36
2023,texans,27,8,372,47
2023,titans,14,11,304,64
2023,vikings,30,19,424,47
